293
0
26
328
179
0
0
103
273
0
142
0
203
0
0
0
312
292
0
170
142
99
353
264
283
252
0
0
0
0
0
0
0
91
270
73
0
0
0
279
206
0
0
146
0
0
167
154
0
0
0
0
0
287
0
226
361
0
0
105
0
117
0
0
0
0
0
134
0
0
0
192
141
759
259
171
0
110
159
131
0
0
0
35
268
0
0
0
0
282
0
344
160
0
249
0
286
241
0
86
156
268
0
0
0
0
181
0
0
0
0
282
0
316
0
58
168
276
0
0
0
286
0
0
0
0
329
182
0
0
207
0
0
264
0
0
0
155
0
0
0
0
0
0
246
0
206
0
101
0
51
131
0
0
0
79
339
260
333
0
253
300
182
0
0
0
0
0
0
88
0
306
278
0
189
190
0
0
360
98
0
108
0
184
0
242
0
249
0
0
194
0
0
0
365
0
0
246
0
188
189
158
141
332
0
269
0
0
0
0
0
224
0
0
99
90
0
0
0
178
341
277
0
384
352
111
0
234
0
0
0
166
161
0
0
159
0
0
128
290
503
254
0
246
215
0
318
53
205
103
0
239
0
0
0
353
264
353
292
0
143
310
159
303
0
0
0
151
16
0
0
661
315
317
208
152
151
359
84
0
0
0
64
213
0
302
279
0
143
0
112
0
191
183
206
332
63
158
337
263
296
0
71
288
325
240
222
287
90
0
0
0
161
0
312
0
35
0
0
124
Cost: 35404
